1757
1108
854
467
799
2100
4385
1322
4473
517
2455
2890
3870
2545
242
2607
1216
4990
3057
3479
1282
3392
288
416
4908
3106
3333
2525
1149
2451
2501
4578
4826
2111
865
2589
3938
563
4411
36
4422
964
2029
4664
4554
2221
3099
1447
4689
1860
2813
3051
4391
3418
598
4418
3382
4640
941
2626
2403
1112
2261
1727
4962
233
1755
2411
1492
2011
2360
2431
3717
3394
415
2991
4224
4532
3817
2604
1604
1138
438
4071
2052
1527
204
1083
52
3836
2437
2639
3807
1067
289
3221
4488
642
757
1987
2395
3229
105
3469
4545
3940
4469
3131
1768
260
4724
374
277
4679
2925
843
1891
1193
1703
895
1647
4780
3025
2555
2835
1905
3584
1638
3087
93
1265
3138
4450
2143
987
1453
963
3180
3655
2410
2951
4898
2120
654
2799
3300
4265
3165
83
4412
303
1037
4042
1980
3061
1925
1140
4040
564
2572
1308
645
616
1211
2831
4836
2218
2748
4417
4618
2993
3576
2222
1828
2430
3515
2110
341
4467
3294
2540
3529
1035
151
1443
539
2404
2747
4845
20
281
2854
3016
3892
4174
4472
1966
4946
4478
3663
2349
4804
944
3534
429
4700
3336
2861
557
4357
2606
2315
1657
4837
2210
2518
583
2884
1600
1591
1490
2705
3153
3238
1194
266
4874
2662
210
540
1116
3933
2590
1326
3624
3882
1209
1848
2152
2279
1881
2372
1916
1357
2617
4529
569
2515
3908
136
2033
3345
3648
815
1695
2101
17
1513
856
2966
2375
4261
2005
2374
4194
4574
465
1560
2180
2519
3733
4270
2538
619
4189
4835
57
2240
167
2427
1142
1985
4511
986
1777
2782
4952
2073
2905
235
3610
538
3046
1462
2329
4414
3256
2402
656
3074
451
101
3535
2150
2581
1440
4738
4629
4032
3103
1353
1457
3922
3005
3346
248
1267
2906
1283
546
1857
4395
4926
2450
745
4850
755
751
611
2160
4573
295
2490
3146
464
350
4368
868
3679
948
3348
1677
343
4901
4421
4943
3765
76
1318
1290
4742
600
3465
617
1310
1043
3828
2801
4773
2351
1243
2564
2635
3415
1387
280
4267
1063
2566
2661
2796
736
4778
2209
1066
4616
2788
3157
3352
4184
2212
3325
2550
530
4088
1814
1473
4879
401
2797
2559
1511
3539
4263
4699
2269
523
2838
2077
939
3272
4020
3889
4078
2700
344
4782
256
3495
2226
2816
3899
4126
4860
1577
878
450
4880
3377
4999
1633
4459
2468
161
65
4515
4337
1856
4513
550
1731
2125
4913
4839
2054
1049
4521
202
4572
4609
3270
791
4299
2848
3803
3716
1061
955
4435
1544
2499
2558
1299
2271
1259
1025
448
4622
2242
2823
1367
3314
3328
2072
4447
1051
3029
2319
688
3498
4234
3822
2348
1346
3245
3860
3625
4723
4743
2867
2570
4548
3514
1202
2009
372
3596
1085
4741
3985
3779
4866
1372
3434
3226
72
1423
1190
1973
3388
1486
3374
128
53
4524
731
4979
2464
4424
3562
1158
4272
2714
3371
3923
2065
4149
3925
3473
4326
3380
2010
1529
4687
4324
2693
2161
651
4182
2762
1345
2655
2480
3358
3680
4626
2526
4663
4007
2749
3977
1292
81
26
1499
3747
421
4580
3996
2579
472
790
4935
3063
547
4479
4772
458
4055
4975
4958
3133
500
4777
4315
3209
1335
2575
2805
2730
2220
437
4026
4642
4525
1954
2902
3708
1428
937
3730
805
2969
2523
1526
936
890
1736
1593
2169
1989
1485
995
3319
4366
3751
681
1714
3775
4230
1480
445
2871
2369
2432
4563
4253
3653
3006
3115
1113
4949
602
4387
1824
3575
2296
4440
3583
3724
3361
1892
3373
1056
1726
1110
378
1080
1378
4645
2194
4621
4067
3651
4201
606
2249
4502
624
660
3670
115
566
1362
1563
3620
2829
2487
2528
2857
2027
2340
3239
4238
4334
2332
1418
3965
3500
3167
711
4222
4367
1095
1
4085
3759
2909
961
3125
2735
3839
3594
4916
658
2901
938
2849
715
2773
1562
2441
1258
4170
3457
1781
4254
4380
4195
1280
591
3066
1005
6
4258
1643
3641
4764
2465
4304
4977
4307
1033
4671
670
3494
3665
2281
836
4161
1630
1899
4519
3929
1119
833
1762
1181
2514
3859
973
8
3890
4934
134
2373
2307
2920
2918
689
4369
1676
4336
392
1164
4001
3814
468
1382
4957
3673
497
3478
2219
4014
1919
2915
4101
1887
4292
1502
4314
3763
1870
507
2144
3403
2670
2205
581
4372
1999
4185
1601
3064
294
1823
4814
1788
1698
123
3990
282
2070
3540
3395
4793
2990
652
4590
911
4983
4852
1897
2780
4204
1729
1960
696
1015
240
486
3886
2454
897
3622
1858
1383
2726
2003
2694
3091
4685
2611
984
2539
2156
3532
1355
548
4940
4293
305
4492
4678
4899
3984
2486
4984
1521
2409
4530
3178
1644
1184
2214
4193
2216
384
2676
1582
3213
2105
4373
1763
3343
4232
3405
1986
3390
3454
1624
3022
2472
4310
3154
330
4884
3504
3690
2953
3349
1309
3786
2820
3613
4960
3207
640
2082
1845
2031
1879
3036
1434
723
2679
3955
3306
9
4028
38
1274
3503
3282
648
3436
4914
3848
4950
529
4038
3674
2786
697
3872
250
3431
3633
3591
3957
203
2019
3869
3787
2288
4192
2248
4225
993
12
4278
4959
1263
2516
406
2507
1230
3528
1583
4674
4690
1224
2663
4264
3124
1629
1226
4496
4673
1017
498
3592
3043
1528
2280
473
587
3002
3235
2076
146
1967
4228
100
3705
2602
2228
2265
79
3699
4518
4079
418
1615
3356
2810
4306
2137
2302
2262
1107
1540
3652
2774
4233
1284
4506
69
804
2043
1685
807
1586
1296
662
5
2170
1861
3179
635
4162
1120
4842
3970
779
1734
4995
4211
4555
398
1203
712
1058
180
4399
4485
4341
2921
1831
2390
1686
898
2290
2190
720
1758
447
3593
700
3129
806
241
3041
2685
370
1253
1251
3028
1993
152
4596
1977
1342
2407
578
2803
3296
237
1666
743
4176
4631
3471
1497
4082
3305
1949
508
839
432
838
905
1851
661
3879
4123
4504
818
4443
3274
4062
4585
953
4600
4711
4669
3664
2253
4968
1232
382
4601
4971
363
2859
4577
4113
2622
3068
2546
2898
737
3155
2492
1995
4838
2618
171
1737
1088
4013
703
1990
1874
625
2745
3310
77
1092
1214
2768
2141
286
1701
3044
3289
2235
2557
73
1821
2139
3682
1356
1223
3383
3366
2324
3227
4980
1911
2267
1743
1260
3472
2506
2270
3832
2560
1761
1640
2259
3460
2378
4877
766
2074
1007
2794
159
1210
887
4550
3327
3915
1381
2720
4475
1124
135
4591
217
2703
2145
92
323
2460
2113
4018
2974
2885
3254
2335
403
2593
2274
153
690
2948
3107
985
4833
2133
2356
2983
2837
4274
2132
1249
2266
4969
2989
2146
3338
1213
1003
3900
4551
1347
4681
3995
1508
386
4992
4056
4340
1150
2858
2030
1018
886
1914
3916
1505
62
201
1173
1805
2012
2024
3111
4016
1402
1867
2317
3517
1632
599
3171
4059
2561
3258
1844
4784
238
1661
1815
3323
2692
1510
3845
1813
3215
1157
4092
4053
3885
2646
1678
1934
2752
3523
1073
826
4073
4651
2798
1231
2548
1732
4143
3738
4817
1050
4370
4448
4045
2988
870
2939
1790
1811
2164
4781
3376
2341
1740
292
4339
408
1773
2060
1964
4008
461
683
4165
3725
365
2067
858
4794
2298
2595
2946
1366
1072
2470
2334
314
376
2080
1101
4928
393
4864
141
1798
965
4567
307
63
962
4761
1859
1099
1672
3489
1215
119
3344
3546
1846
4316
1589
1024
914
453
3281
2647
4311
628
3139
537
2588
3192
3988
121
155
1641
2495
273
691
795
2568
2416
3112
2126
4894
808
4465
3301
304
2066
1371
4322
4345
4684
3443
3774
236
4210
4250
1291
470
1912
175
3937
2215
2384
2331
2809
443
3
3994
3218
2447
1334
1518
4103
946
3396
4108
1963
441
2238
3520
3601
3942
1571
4993
3264
910
4668
1401
1477
3627
4374
47
3442
298
620
2285
4953
3734
3166
4273
1279
1008
4754
2037
536
410
14
520
1409
4262
4847
3628
347
1390
4190
1034
3206
636
4647
1888
261
2217
196
1619
380
1744
943
1953
3492
157
3752
2997
1219
3406
2239
1783
783
3152
2502
3883
2397
2199
1340
2457
3250
1979
3936
2658
1236
2377
2847
2904
3769
3580
4361
198
2243
2877
4867
1620
224
4732
727
1022
687
881
3012
4420
4130
2478
847
1016
1825
3961
1913
733
1691
1004
3039
2483
4118
2977
4398
1648
3411
1337
4819
2845
3487
2482
3416
4050
880
4416
2165
2189
2477
1288
2386
2741
1098
2688
3024
28
929
4300
3541
2740
2640
1152
3952
3750
1609
1792
3771
3527
4217
4287
2608
892
1829
2387
3758
3821
4859
3850
3451
283
695
931
2178
3379
2405
3353
3065
3658
4175
2524
3707
4308
1448
1675
4208
3291
2172
2207
4390
4236
1689
4223
494
1045
4751
4731
4985
2664
1021
3032
275
3147
2592
1700
1809
2168
2316
2672
2644
2629
1764
4177
3359
3271
1645
4499
484
3928
4220
4196
852
3049
4760
774
3086
2283
188
3713
2638
1564
1405
1148
3595
3809
4115
2087
1327
2439
2061
234
1842
864
1546
284
3926
2254
2856
3964
1722
2256
4792
16
1498
3433
4808
4436
2379
67
513
4739
4805
2751
3182
3531
4133
2887
1735
1655
2166
3058
3474
4633
1767
4122
4721
3721
3263
55
2833
169
1712
3510
1046
1875
3538
1778
2123
2503
4666
51
1941
4425
4587
904
419
4825
3158
888
3727
2709
4547
200
4109
3616
3884
2440
239
2321
1719
922
3334
1588
2175
3862
657
1639
997
2173
4426
1622
4072
1834
4648
168
3014
4917
4827
4919
3522
2609
2839
3246
1221
1444
706
3095
827
4464
3189
1766
499
4483
2202
1594
966
3398
2565
776
2153
4403
560
3150
3184
3547
2204
3982
3662
1937
574
3143
3785
4976
496
2826
999
190
4630
1302
2621
2650
1344
4987
2131
454
975
2772
3893
2417
4147
2196
4084
4922
3033
584
4212
45
1166
4718
427
785
4202
4439
1174
3073
4430
3267
4383
3482
1697
249
1970
3644
2952
3042
1699
4831
2257
4346
2916
2533
1144
2701
2957
2282
1204
556
1433
3993
3686
626
4786
4489
1348
2305
860
750
3818
3409
3021
4787
183
4219
1948
10
480
4715
391
875
3321
3463
1972
1535
1705
2576
519
1380
3826
332
809
4348
185
1270
4996
741
3120
1109
861
637
1610
4360
268
2971
3619
4080
3077
593
3423
1608
950
2967
2083
4539
4140
2868
4487
4003
1623
3761
2973
2444
4888
603
3288
3187
3140
109
3118
3776
3228
4127
4858
324
1463
3813
4159
199
4543
945
1388
2494
1945
4249
2944
3783
4451
1331
3998
4235
2892
3949
1927
3045
3183
1978
1759
1532
466
1884
2998
940
2893
3770
4615
1840
778
1137
3609
1167
3354
4822
787
317
270
3835
2599
2931
4004
322
339
1552
302
3992
1422
2764
1708
3703
1394
522
375
816
3156
166
2710
1613
4445
2206
3151
2756
1876
4570
2899
917
4049
3444
4048
3430
2423
1728
4433
2865
2158
694
1023
1833
91
4540
4119
3027
1796
717
2883
3536
4183
850
4010
3749
1198
3741
2624
830
1400
1745
4803
4735
903
2363
817
2286
1596
1131
2211
102
1186
278
721
1567
3056
4903
4883
3069
3897
669
1898
2965
3244
800
1227
2438
4458
2932
3552
3426
4598
1930
252
444
2041
2313
947
1968
2034
3723
4215
4708
325
1530
2891
2345
3381
86
1431
4332
1893
1710
2426
328
4583
130
2022
4512
1325
1618
4683
4027
541
2785
1464
2872
1127
631
1252
254
1680
3217
3413
4815
3511
3823
209
1951
2711
634
4929
3360
3757
742
1060
1819
4453
871
2303
3678
3038
4146
3574
2542
113
4154
1494
3004
4283
1704
4191
3888
1635
3709
1438
1192
4907
2293
110
2996
1199
297
835
1961
2339
535
1317
4707
3424
3088
2587
1531
1030
3599
3544
707
4406
1587
3855
2935
1229
2310
3292
3954
4323
2362
2401
4701
2737
744
4564
3185
1364
765
4218
2159
1445
1483
1687
3856
4251
4729
114
1611
285
4180
4331
949
1652
3950
1461
2484
4454
59
982
958
3160
2659
4889
1901
4437
2057
156
632
335
3119
3110
4480
1779
913
4890
4497
502
2755
2789
184
2895
2479
4221
2840
49
411
3216
4522
2232
3874
3303
4205
1281
2048
1089
559
3447
1684
4093
2628
4594
4789
3050
3308
71
459
48
577
3407
4765
148
2102
1933
4885
3873
2674
212
1475
2098
4733
1725
3582
3524
3480
2930
2415
2000
1276
3070
3148
2353
2577
1539
1724
337
1411
709
2812
170
4936
4309
3108
3875
3302
126
4670
2562
1450
2320
3393
4791
2938
2097
4301
3387
3277
4335
3324
2414
3247
2251
983
2032
469
4086
2597
489
3781
1155
2702
1019
3542
2075
2889
3276
2634
528
4100
1493
4410
3630
2775
3744
3951
3275
789
3067
3076
1791
1455
1079
1062
1126
1300
208
1055
4237
3019
618
3773
1429
4392
4132
2686
967
245
2508
3401
543
1550
608
2081
4077
2738
3055
4693
2277
1942
2115
3550
1225
1102
351
440
3094
4978
1484
4226
828
143
1716
1393
1314
1086
4275
568
4279
482
428
3123
4116
2429
4474
853
3340
4828
544
2675
2874
952
1416
426
4121
402
3946
2182
829
2759
4584
3497
4608
3935
920
3797
1994
4649
25
646
4863
1537
3468
4490
133
87
1713
4364
3404
2641
3557
342
3505
4141
4963
2408
4891
4956
1802
1185
4955
3162
3537
3399
4619
106
3676
1536
4593
2193
1548
3128
2474
3335
3621
4066
1135
2869
2863
1982
455
3419
1692
3920
841
1771
3001
221
4986
3368
3588
2428
4544
702
3901
4893
1170
3054
3905
4965
1091
978
2103
729
3643
1886
4542
2723
4541
2814
140
460
2554
3362
1479
3634
705
2188
3608
2585
1315
2806
379
3421
1396
3448
3144
4317
2322
3830
306
2171
1269
3812
1921
3784
433
4423
2630
4404
1868
2208
4312
3486
187
3313
1795
4932
3566
179
1425
1561
969
3623
1981
4634
4231
1946
1631
1541
1466
3512
2596
3081
3766
3164
3849
3317
972
2660
2760
2371
2992
1491
2419
3551
1471
4931
154
3017
4646
3898
1358
1293
2301
1543
2163
2717
4830
1614
2981
4812
1465
124
1950
4377
531
2947
2804
857
4405
989
3010
3351
3719
3375
4589
264
2908
1217
1780
262
3692
2851
2278
2147
3071
2968
859
811
43
3072
3919
773
3931
3629
2459
176
46
4107
301
4297
1426
4558
2511
2614
272
471
4536
2881
352
3795
3659
2827
4750
4266
4481
4961
3363
1578
2198
211
2252
3742
475
3488
3560
2724
803
2069
4795
3508
1789
3880
360
4813
1286
748
4749
4656
1297
1100
4142
3642
225
957
3896
2671
3578
2500
2002
1554
412
326
3137
3565
4510
2615
2903
1955
4535
4856
491
4429
3777
759
2605
3612
1118
4560
4019
1769
3726
3417
1517
4214
1907
4442
2584
3130
4823
3386
1446
2421
3262
373
111
2770
4017
3477
4375
1245
4242
4639
1612
3555
3329
3754
3722
708
820
1555
3097
1495
2475
1869
3509
1312
1504
1959
3037
2227
2645
810
2489
1776
2422
4173
2007
1147
1935
2013
3838
1441
1976
3545
582
2364
1419
1538
4269
2233
1370
3298
3958
4061
2424
1320
1369
1053
4998
1069
2467
4766
3452
2107
2982
3332
3048
2778
4181
4382
754
4244
4151
1523
366
1277
3304
371
2616
1688
1218
3364
924
4089
4566
4303
89
2582
3100
178
383
1368
3553
4037
1305
4698
2039
2907
877
4255
2543
4614
3438
269
2800
2667
349
2653
2549
2268
4106
4635
1146
354
1806
567
3203
3197
7
3683
2381
3464
3714
554
3975
3969
4284
80
4457
3959
4834
1432
532
3176
3493
3078
2229
1651
478
4145
2399
885
3789
4022
3974
2766
4653
908
1659
1424
1336
3626
653
3034
4466
1255
1386
404
1522
4343
1114
1241
2068
1626
549
3842
4136
3223
4229
2129
977
4009
3432
177
4579
1902
3715
3280
1238
1975
2643
3195
1988
3273
4024
3924
1992
414
492
2680
3902
2130
1220
2056
1129
2687
882
1565
976
4120
3600
244
996
1606
1294
4178
4920
32
4386
4654
4571
1839
3114
1862
3981
2746
4095
142
4476
2669
1556
2956
4876
4849
1248
3876
2715
552
3161
1751
699
2975
4954
722
3693
4964
4131
18
1359
1266
4809
3559
734
3269
1196
3369
2556
2420
4280
1865
2223
3854
4753
4169
3972
3355
2836
2642
3837
1807
4135
1307
476
1545
2053
37
916
3315
4033
693
3075
3475
2860
1000
4256
3205
2434
3084
4199
1573
3211
3844
902
2498
4021
355
970
1132
4775
1247
3768
3571
923
2505
4706
2834
609
4157
2047
4371
1877
762
2392
1442
1360
4871
2815
2666
718
4912
4776
3688
2842
1910
3987
4096
3973
527
590
194
2292
4330
666
3598
4878
1068
3259
4356
1384
4939
1201
2984
388
3739
692
1650
1456
1748
1997
216
4468
3003
2541
3999
316
3563
4168
1071
58
1673
814
918
4333
390
3788
1373
4139
725
3731
2366
1161
1250
2824
345
589
4933
3568
4924
4692
2817
2986
1188
4717
2718
3341
3796
1665
4500
1242
506
4746
4557
4807
2413
42
732
2023
3903
1256
4694
834
525
2919
0
4482
3913
413
3121
2527
2728
4974
4248
724
1208
4206
3134
2245
4672
1855
4848
594
633
772
4937
3868
3212
775
1506
1028
1474
56
1642
4257
4951
1668
3089
1087
