4228
1031
3229
4680
2639
756
3673
308
4575
1298
1091
2322
2637
2034
3365
3645
4405
3752
1592
917
1969
45
2066
1783
2604
1286
2490
979
2507
301
1026
1604
1477
3406
1195
809
3113
3744
1112
2305
2625
1617
3539
1152
3393
3171
1249
1779
42
87
531
4049
2479
2334
1773
2602
3225
852
3220
1339
1008
288
3091
1966
734
2789
3410
2417
4662
4291
165
3871
3526
3380
4821
4900
4737
3202
3442
500
3773
3367
2055
3990
3975
4905
3043
3821
173
424
3964
2062
1520
3999
4581
4690
4551
1743
794
716
4530
946
574
4079
2280
2279
207
4901
3233
1851
1215
1212
2765
1553
1385
2994
238
2090
1246
1940
367
4432
421
2161
2309
2572
967
1051
3169
4556
75
3742
4795
192
1235
1125
3425
4857
482
1924
1462
2220
1290
4157
2110
2476
3134
2791
4023
2331
944
2137
4616
17
4233
1734
2274
4262
579
1402
1994
4693
3843
4280
2374
4474
2177
1948
4650
300
3427
3240
2736
2511
1903
4072
249
4624
3820
1859
4202
2293
2428
61
131
2908
714
3245
4445
1582
4270
2782
2682
2947
1570
2043
4167
3978
2762
3663
4852
4109
4709
1157
2716
1012
3298
381
4451
1840
687
1135
1745
859
4147
1377
2680
2525
4401
2874
2530
2248
2713
747
4217
144
3563
413
2691
709
3656
690
4713
571
4248
453
284
2315
4945
270
1732
4124
3168
3547
603
811
4907
4325
3188
395
1127
3800
773
895
3073
752
2570
2088
2527
4269
3145
1408
2749
43
4062
724
2553
162
1115
3916
3389
4574
4967
147
3033
1662
4331
2616
4876
4663
1794
1538
1869
3648
1388
1426
2114
1685
3238
1231
2981
4647
1646
3248
4462
2917
3938
892
1070
3381
215
4668
4088
1607
4347
4146
3463
3408
2057
3433
3075
2758
3525
3404
3819
4138
2513
3178
3765
2966
4761
3575
708
375
1871
1389
2744
4608
3787
2301
554
507
4684
220
1202
1980
3761
4212
770
2287
39
592
2335
2391
3072
3181
1325
3948
4803
2091
195
2929
4238
2187
706
3232
2577
517
1378
4036
4439
1003
320
4162
111
3921
4549
3613
151
1511
4752
3107
1658
492
2766
1733
1317
2868
560
4524
2590
1654
3054
1650
70
4646
4021
1469
251
335
1883
4963
40
1356
663
4732
3709
683
639
1729
2491
2195
949
1131
4559
1880
2569
1776
845
2407
1800
3346
2596
387
3426
4441
1437
2158
4542
4539
3830
1551
4615
2444
1715
3639
971
474
2836
1834
4411
1090
3211
647
289
2755
2648
2842
4781
2414
3935
4825
3631
1738
1843
3082
4691
680
4495
99
1233
2702
1220
4688
525
2332
480
292
931
4760
3570
4134
4176
3332
778
2991
6
3853
4998
1170
4958
1374
2101
645
160
1019
2154
2882
1373
239
987
2902
384
4210
248
2895
1288
1782
11
434
231
3032
1282
744
4064
1826
2944
4343
1536
3308
508
3784
485
2856
268
982
1606
3737
3137
4606
4671
4930
1182
435
1144
2847
373
3444
3937
1561
1572
2215
3997
1878
66
157
658
4925
90
3324
1967
3918
1578
868
4609
1369
1866
4528
2363
2957
2079
4103
3415
3421
2171
2815
994
2126
3216
4738
2557
2033
1877
2954
4417
3635
1652
2848
2323
1495
3491
3364
681
2704
1293
1161
1065
2829
2642
72
4435
2739
4869
612
1158
3278
719
992
567
4746
1181
41
4956
2812
4396
1660
3003
655
2382
118
3375
2508
3191
3409
504
4189
4961
2311
2263
4320
837
1142
2962
4426
4055
1392
4104
1430
4105
4344
3634
3474
158
501
762
3362
3628
2817
3467
3767
614
1530
245
578
2378
789
4622
978
4978
3241
2813
771
2689
2503
4009
1508
1314
2665
1557
2715
2218
3487
4749
3977
4461
2510
2759
4995
2288
3511
2821
27
1770
1074
3557
4838
3097
4569
3707
4442
198
3477
3287
4666
3189
776
2745
2514
3817
3829
278
4938
523
888
3247
4708
4634
4385
4027
3835
1096
1082
1623
430
1765
2938
1955
3484
3160
135
4771
3549
3528
1173
1499
2111
1698
4973
3757
2125
1581
2883
3190
3165
858
4058
1963
140
1114
2576
4704
282
4641
2460
3293
2077
1163
396
1862
1206
1897
4669
3476
2969
4045
4116
2798
3879
2242
1159
2607
129
3040
534
1172
318
2245
1289
455
860
4745
1274
4707
1103
2129
4985
3951
58
363
3782
1692
4870
1175
4444
3182
4940
4960
1350
1303
2100
1311
676
1493
1790
3893
548
69
210
3809
1328
86
2612
91
3098
1092
2880
551
3894
1247
349
4809
310
4657
2928
4313
2401
199
1701
1550
4718
3048
2048
3055
1331
4635
2638
989
3143
1586
3550
857
1321
516
2641
2463
1446
4428
4964
1709
3465
461
139
1746
2548
1486
4698
3123
4175
3014
1816
1855
4391
3685
3009
3883
1259
1524
3430
3490
2227
4464
267
1892
2802
3259
3492
2260
3295
3768
2393
2312
1279
4219
3401
4409
908
685
4773
3802
1609
2814
4372
4283
2967
532
1327
3593
3016
758
4502
3510
2795
473
3065
1080
4786
148
3056
4702
159
1506
1411
4676
1626
2694
3498
2517
2452
1160
3294
3121
3015
828
793
3591
3776
1066
305
4467
3616
1918
1113
3822
4777
3052
2725
2214
2354
657
3533
2254
2800
3356
2284
1420
4600
570
630
3581
635
3423
4757
2731
4994
1155
1930
760
85
1691
1853
3258
4567
3419
2397
3164
585
4305
3620
1904
3738
1481
1825
2336
394
1237
962
2980
185
2038
4926
2290
4700
2915
4123
2816
47
4161
4583
1007
3443
4562
2750
3562
29
712
3488
3226
2019
4762
2799
2737
2684
1
1006
3796
3373
827
4848
290
3149
765
1329
1887
1821
4007
898
2189
3902
3603
2132
566
296
30
3405
2024
2968
954
727
3035
2146
3333
675
4063
2485
146
4828
4865
3624
4811
3503
514
2620
4516
2862
3175
2107
821
2930
273
2411
1143
1702
754
3868
1427
736
2005
3558
610
4796
3438
623
1767
1394
2016
2633
4415
3039
921
279
2044
1244
4545
3074
244
3571
2020
3866
4731
697
3263
423
3884
632
3922
2081
4352
792
3300
32
150
219
1498
2372
3652
1763
599
953
1610
3696
281
3275
2597
4244
3630
2601
4342
1585
2772
3936
3377
4073
1199
204
1302
386
2777
3966
2643
2811
2626
3309
878
4077
4356
3110
4607
3297
3087
4422
414
4476
3837
4555
2371
3516
600
2722
3059
2304
1364
3096
2056
294
4935
4209
711
4133
3991
2910
4993
4203
4944
4390
4017
3320
2462
1659
597
636
2579
576
341
2927
4654
3961
2156
3265
1886
4260
4534
168
4927
2292
1873
780
4664
948
2935
3904
2328
2492
2368
4230
855
2769
1435
462
182
4438
2925
1528
184
1479
2441
2805
1558
899
2222
4457
2754
1253
552
604
3532
2383
916
3801
4950
4835
3625
1164
1526
1241
1908
3041
3494
2451
1934
2405
3424
1000
4672
4363
2093
2163
1015
2365
1808
4242
4744
4010
4126
1676
4264
1441
1216
720
4437
1251
1407
3735
802
4845
2188
3909
2131
1041
3777
2878
1010
2186
1471
224
2289
4891
4139
4321
664
2384
4102
815
4259
1974
2571
200
3655
3657
3456
3290
107
2318
186
3330
3374
1300
1023
3325
942
1203
2473
359
1766
1453
4254
2017
1933
2455
785
3769
15
718
1541
337
2671
2733
3841
3941
3264
1682
114
2942
1188
63
4694
4813
2672
4658
1833
4329
128
2746
1210
2082
1117
2071
2182
1337
2199
122
3475
1674
3047
391
2753
998
3020
4714
533
3161
1989
260
106
1262
3974
1013
1261
3301
726
3338
1494
2360
608
696
2696
3595
4164
4144
2538
4855
1708
103
4703
3942
4198
4617
4594
2703
4488
3976
3387
2238
2367
2711
491
2879
2844
881
2964
1165
4208
2734
83
2239
3222
4030
1489
2899
624
3667
127
832
2621
4800
3336
489
1684
401
4156
884
2042
4678
433
2308
4939
235
4386
826
903
1947
4051
2905
1796
4734
4034
194
1950
572
3927
4920
1755
4807
4485
1983
988
1850
4661
3569
406
2133
3680
3249
3702
1784
4193
2459
1272
3282
583
4531
863
4832
2623
4784
4830
1795
3455
2652
470
3905
274
3092
2907
935
3078
1819
4986
448
2047
3816
411
2921
1978
2298
4359
3045
688
3227
2430
2707
180
591
4597
1758
3996
3200
57
4160
509
3851
4554
295
3146
3930
4192
1085
3002
2253
459
2738
3223
4031
2123
1330
2609
3712
1024
1640
3451
3758
1874
3971
807
1798
1539
4107
1793
3386
34
3848
3682
203
3661
4710
2446
3351
3799
3057
1688
3203
1786
4365
2945
897
187
4595
2046
2536
4652
913
347
71
4199
564
2603
4670
644
4717
3778
3534
3792
1973
1774
3285
4548
856
3641
3895
3650
4815
141
4214
1542
4552
3104
1310
2683
4050
3252
3716
2421
715
1546
4143
1338
1384
2519
0
4001
2172
53
2708
2257
2231
907
3084
3797
729
3323
3597
2650
3825
1611
1132
939
2654
723
3102
4514
4636
1056
3184
2011
3899
2086
1078
223
2896
4812
3109
1636
1724
2394
1344
3449
4817
1399
4004
2395
1033
4882
2022
1497
2489
1341
3838
322
1560
1717
3441
518
1439
816
112
2076
2052
4618
246
2040
2834
1146
4424
2533
3042
707
1357
1393
2193
588
1232
4924
1277
4981
262
2095
964
113
419
3608
2140
4922
2787
2646
1689
3924
1714
1414
2385
1273
3481
757
3551
1630
1415
1583
510
526
1943
4289
4469
2497
1527
3183
3353
316
1971
2819
4501
4397
1695
1345
2210
3504
4430
1412
3751
2827
3518
1982
633
2472
3774
2000
104
4341
1061
4218
2120
346
2355
1656
2343
2605
909
405
3515
1753
1410
3195
4201
4067
2477
1785
3317
225
960
229
607
4368
677
2552
2339
4085
1518
1137
1543
1448
2122
4992
2783
940
4653
1595
1176
253
3125
115
4186
1946
700
1122
1921
74
2501
1999
3855
1703
3860
3889
3088
3219
4490
2225
4976
800
1405
4053
814
2728
2409
2992
710
3060
73
1580
2247
3385
689
3987
4460
2333
2006
2990
3021
1741
2692
350
283
1992
970
2261
3671
2505
3017
2913
1599
3273
2635
2617
3076
1648
2059
264
545
404
2588
1824
3235
4185
3826
3173
169
3141
911
3080
1404
2934
1291
4375
2946
2526
3260
3722
331
3862
2149
4893
4648
1179
2644
938
1072
2869
4505
2174
1953
598
3062
14
1264
665
4284
439
2823
2835
4353
2803
1759
2203
1365
782
1579
1429
738
4764
1370
2347
4792
549
214
2482
2943
3471
77
4969
3700
3313
1677
4408
996
1722
3341
2894
4974
3004
1730
467
4450
2349
2229
4312
1118
1502
1283
3901
972
2857
3870
475
3093
4683
1789
556
621
3723
183
4015
3739
1045
3732
3462
4712
216
2418
4632
208
1111
1466
4256
3601
1107
4114
923
1993
3250
2306
4078
1463
1089
1025
3771
1205
170
678
450
2531
177
3230
1981
3967
2481
3177
3940
2181
4566
1121
2587
2729
4025
2127
3413
2628
46
4736
1870
2092
1308
3699
1409
1896
4872
1461
653
3382
3813
3496
463
4492
3485
3453
2104
4149
1614
1295
506
3994
2941
1568
1228
906
2663
3609
4667
1942
4716
795
1320
4783
1881
922
2676
4742
3573
108
2264
4988
3954
4509
1416
625
4346
4216
3359
68
298
4296
2281
2560
882
2178
1828
2849
1905
3611
134
4484
900
1055
772
3715
4235
1835
995
4750
3662
3029
3920
2039
2249
5
4225
2147
1643
1299
4912
2179
2326
164
3749
1802
3561
2420
3659
1075
1484
312
266
4420
271
410
44
2327
2474
3193
4681
2843
4546
4951
3071
4888
4354
1030
891
4538
2779
1167
2674
4816
4730
1476
201
834
3499
4909
722
4032
2175
873
3046
3281
4310
4013
1849
259
356
3867
3753
2173
2013
4008
1169
1191
3069
211
4425
3926
1333
1571
4480
499
138
4268
1637
1651
4849
1962
4843
3331
4631
3780
3754
3587
4810
4277
4805
920
4158
2630
431
1433
3176
4220
4150
3903
1618
2858
2230
2618
1067
2486
4726
362
2973
2949
2796
78
1822
486
1801
3888
595
4721
2064
3502
1587
691
527
3379
4500
2152
4863
1436
4612
487
3124
1718
18
4908
4982
3666
4112
2984
875
581
4434
1699
3030
4360
2273
3636
3050
4290
1686
33
1097
4477
1124
1239
80
1001
2267
243
2380
2592
441
2483
2072
3174
1487
2065
2518
3368
236
3089
98
4388
2706
2338
2718
3429
3201
2537
3363
4000
304
4592
1875
1028
2640
2952
1240
611
4860
2015
2067
1243
23
54
1048
494
4604
4972
3811
4623
4877
1148
496
2118
3869
1977
1381
3548
3185
3910
444
990
4011
2776
4739
4367
4204
4954
4465
2228
2936
4232
4470
4447
541
3418
2008
1705
2235
3358
1106
2624
3198
415
4399
2889
547
801
4929
2863
4743
2685
3283
2918
4588
3031
3036
4097
1034
3939
2031
4521
212
477
4303
380
4496
620
3316
4903
886
3618
3770
2997
854
1183
4660
3094
1848
142
3522
1804
2767
222
4177
2078
2234
4836
4819
2778
2471
1104
3925
357
613
1423
1563
2677
3827
602
705
947
4410
2399
2366
3464
4573
4459
4519
2422
3053
2669
652
4603
2250
1799
4522
1631
515
1047
2712
3279
2272
1736
4970
4949
1683
454
3459
4246
1472
1292
4685
2726
4856
2545
656
1769
2233
143
2979
1986
3085
1265
3339
3049
4673
254
3668
4019
4258
2246
1668
4503
2840
2192
351
358
4452
2102
565
2408
2429
4141
2370
2211
2520
4557
2168
4884
1513
4899
3610
2453
2960
4861
3447
3632
471
3786
3458
4582
2881
4794
3881
2307
2775
2345
3493
1941
1876
1713
2831
3111
2499
3988
4999
4980
2923
393
759
740
2951
4089
728
1919
950
2950
372
977
3000
3243
1647
1836
2911
596
3166
2735
847
2983
3384
2493
4889
555
1865
2822
2801
2509
1154
344
3928
4234
4041
787
2593
2456
4518
4756
3690
735
2361
2679
105
522
3139
3328
3213
3434
26
472
2982
1594
1276
2995
3483
1771
3106
130
2204
3105
3724
3392
1362
81
3414
4687
2549
4249
1512
3454
3347
763
1488
2732
4205
1054
4179
3013
4770
4047
3311
2069
2160
3683
437
1190
4121
1832
4377
2584
4506
4046
1860
2790
3973
2200
4820
4151
1521
3689
1189
4384
2924
3958
4298
2295
4145
3640
1895
1014
799
3348
1531
3027
3564
1605
4318
1218
2998
1830
2681
3112
2232
3489
4222
4066
3083
4547
2103
4627
181
4706
2662
1468
3397
957
3400
2487
2543
1737
1504
4695
1060
498
3710
4913
4558
2424
3037
1223
894
3653
3617
4324
1788
3554
3345
230
4589
3512
1069
1209
1998
19
805
442
1803
648
2009
1726
3319
2705
2061
4106
4914
3691
1622
2574
3985
4990
4728
3831
3947
4281
2144
2565
3115
2416
2886
3980
1058
497
3531
1459
3692
616
733
2774
813
4479
2610
1318
3154
1951
4628
276
521
528
1879
3844
119
2025
3864
4504
1417
1525
1319
3334
3439
536
2690
1355
1187
4297
822
4844
1197
240
2900
101
1669
3898
4125
4473
3315
4686
2615
1519
1306
893
1464
4398
3026
2116
642
4380
692
2686
4871
569
4839
2466
4427
93
1564
4267
4487
345
2496
1842
1168
3646
237
2461
2948
3436
4211
1914
3863
833
4005
3746
2838
3806
1952
4758
3079
389
252
1322
2506
4213
4239
4075
1213
4182
830
3114
2379
3394
2213
156
2939
4155
4351
4906
4098
2342
3808
1926
4952
3740
2419
3136
4536
3886
3538
1678
3535
2589
4977
2693
791
4355
1128
1931
3288
1641
829
3103
4801
2303
3923
4043
4223
1011
2226
3466
3586
3119
428
1910
338
3520
3962
2810
65
1979
3
781
4997
2793
1149
4475
2932
1363
3142
1505
4400
4054
2794
4117
60
1021
3122
37
2223
2494
2135
1403
2825
3672
3766
1589
1823
4645
1141
1696
529
426
1990
4917
3399
1673
1304
1093
336
4379
1750
1872
3305
4253
2431
4261
1349
3676
303
2108
742
1174
519
3633
353
2080
25
3704
4148
3858
4515
4037
1361
3266
3719
4724
1664
256
1260
1861
3403
3228
2464
3607
1813
4350
3291
2402
669
2285
1764
3063
2208
2852
458
836
2180
2724
4537
3261
1775
2276
2664
3658
4532
1817
941
3350
277
2977
3022
4373
2099
2259
1257
850
3953
1248
3148
3214
3299
287
1496
3590
2457
4454
4833
2369
3612
2523
2010
4483
1250
539
1305
2498
2302
3959
1109
3998
449
100
2190
3262
1598
844
3727
2136
3615
3186
1037
2867
1533
997
3681
3187
1529
2157
3900
2534
3197
4947
745
774
1911
193
418
124
2447
3019
1841
4921
2216
3396
936
3432
3070
4639
4489
1932
4024
1105
2478
1613
4971
4862
1565
2699
3251
4279
447
4440
2423
280
4767
4823
4172
650
4285
1901
3011
2568
1991
1693
1547
2097
2270
2400
2201
2780
1348
790
4934
798
1482
2833
1621
3412
3199
866
3556
4002
1818
4093
3012
3051
3606
1944
1020
4873
4029
1100
2037
2142
1552
3614
2958
374
97
3828
2357
1510
4955
3840
2138
2467
2209
1882
4381
3627
4942
4508
4590
4241
739
3577
4468
167
333
4677
2687
4402
3798
4048
3446
786
4317
412
1985
2362
3795
163
3445
4527
460
2087
4564
1177
4689
4446
123
2916
3147
4362
4937
2045
1707
4168
1102
864
2415
3579
1970
3793
4834
2871
3861
261
56
4996
2356
1280
1723
883
1891
3726
2068
88
445
4896
2540
2364
2893
3759
1633
2469
3010
4014
1639
4330
3572
2197
3917
1480
3117
3239
2698
1811
